mprl成功率:[1, 1, 1, 1, 1, 1, 1, 1, 1, 1, 1, 0, 0, 1, 1, 1, 1, 1, 1, 1, 1, 1, 0, 1, 1, 1, 1, 0, 0, 1, 1, 1, 1, 0, 1, 1, 1, 0, 0, 1, 1, 0, 1, 0, 1, 1, 0, 1, 1, 1, 0, 1, 1, 1, 1, 1, 1, 1, 0, 0, 1, 1, 1, 1, 0, 1, 0, 1, 0, 0, 1, 1, 1, 1, 1, 1, 1, 0, 1, 1, 1, 1, 1, 1, 1, 1, 1, 1, 1, 1, 1, 0, 1, 0, 1, 1, 0, 1, 0, 1]
mprl成功率均值:0.77
mprl成功率标准差:0.4208325082500163
mprl冲突率:[0, 0, 0, 0, 0, 0, 0, 0, 0, 0, 0, 1, 1, 0, 0, 0, 0, 0, 0, 0, 0, 0, 1, 0, 0, 0, 0, 1, 1, 0, 0, 0, 0, 1, 0, 0, 0, 1, 1, 0, 0, 1, 0, 1, 0, 0, 1, 0, 0, 0, 1, 0, 0, 0, 0, 0, 0, 0, 1, 1, 0, 0, 0, 0, 1, 0, 1, 0, 1, 1, 0, 0, 0, 0, 0, 0, 0, 1, 0, 0, 0, 0, 0, 0, 0, 0, 0, 0, 0, 0, 0, 1, 0, 1, 0, 0, 1, 0, 1, 0]
mprl冲突率均值:0.23
mprl冲突率标准差:0.4208325082500163
mprl回报:[8.1, 8.1, 8.1, 8.1, 8.1, 8.1, 8.1, 8.1, 8.1, 8.1, 8.1, -3.9000000000000004, -3.9000000000000004, 8.1, 8.1, 8.1, 8.1, 8.1, 8.1, 8.1, 8.1, 8.1, -3.9000000000000004, 8.1, 8.1, 8.1, 8.1, -3.9000000000000004, -3.9000000000000004, 
8.1, 8.1, 8.1, 8.1, -3.9000000000000004, 8.1, 8.1, 8.1, -3.9000000000000004, -3.9000000000000004, 8.1, 8.1, -3.9000000000000004, 8.1, -3.9000000000000004, 8.1, 8.1, -3.9000000000000004, 8.1, 8.1, 8.1, -3.9000000000000004, 8.1, 8.1, 8.1, 8.1, 8.1, 8.1, 8.1, -3.9000000000000004, -3.9000000000000004, 8.1, 8.1, 8.1, 8.1, -3.9000000000000004, 8.1, -3.9000000000000004, 8.1, -3.9000000000000004, -3.9000000000000004, 8.1, 8.1, 8.1, 8.1, 8.1, 8.1, 8.1, -3.9000000000000004, 8.1, 8.1, 8.1, 8.1, 8.1, 8.1, 8.1, 8.1, 8.1, 8.1, 8.1, 8.1, 8.1, -3.9000000000000004, 8.1, -3.9000000000000004, 8.1, 8.1, -3.9000000000000004, 8.1, -3.9000000000000004, 8.1]
mprl回报均值:5.34
mprl回报标准差:5.049990099000194
