mdp成功率:[1, 1, 1, 1, 1, 1, 0, 0, 1, 1, 1, 1, 1, 1, 1, 1, 0, 1, 1, 1, 0, 1, 1, 1, 1, 1, 1, 1, 1, 0, 1, 1, 1, 0, 1, 1, 1, 1, 1, 1, 1, 1, 1, 1, 1, 1, 1, 1, 1, 1, 0, 1, 1, 1, 1, 1, 1, 1, 0, 1, 0, 1, 0, 1, 1, 1, 1, 1, 1, 1, 1, 0, 1, 1, 0, 1, 1, 1, 1, 1, 1, 1, 1, 1, 0, 1, 1, 1, 1, 1, 1, 1, 1, 0, 1, 0, 1, 0, 1, 1]
mdp成功率均值:0.84
mdp成功率标准差:0.36660605559646725
mdp冲突率:[0, 0, 0, 0, 0, 0, 2, 0, 0, 0, 0, 0, 0, 0, 0, 0, 2, 0, 0, 0, 1, 0, 0, 0, 0, 0, 0, 0, 0, 1, 0, 0, 0, 1, 0, 0, 0, 0, 0, 0, 0, 0, 0, 0, 0, 0, 0, 0, 0, 0, 2, 0, 0, 0, 0, 0, 0, 0, 1, 0, 1, 0, 1, 0, 0, 0, 0, 0, 0, 0, 0, 1, 0, 0, 1, 0, 0, 0, 0, 0, 0, 0, 0, 0, 1, 0, 0, 0, 0, 0, 0, 0, 0, 1, 0, 2, 0, 1, 0, 0]
mdp冲突率均值:0.19
mdp冲突率标准差:0.4836320915737499
mdp回报:[6.1, 6.1, 6.1, 6.1, 6.1, 6.1, -7.9, -4.1000000000000005, 6.1, 6.1, 6.1, 6.1, 5.8999999999999995, 6.1, 6.1, 6.1, -7.9, 6.1, 6.1, 6.1, -5.9, 6.1, 6.1, 6.1, 6.1, 6.1, 6.1, 6.1, 5.8999999999999995, -5.9, 6.1, 6.1, 5.8999999999999995, -5.9, 6.1, 6.1, 6.1, 6.1, 6.1, 6.1, 6.1, 6.1, 5.8999999999999995, 6.1, 6.1, 6.1, 6.1, 6.1, 6.1, 6.1, -7.9, 6.1, 6.1, 6.1, 6.1, 6.1, 6.1, 6.1, -5.9, 6.1, -5.9, 6.1, -5.9, 6.1, 6.1, 6.1, 6.1, 6.1, 6.1, 6.1, 6.1, -5.9, 6.1, 
6.1, -5.9, 6.1, 6.1, 6.1, 6.1, 6.1, 6.1, 6.1, 6.1, 6.1, -5.9, 6.1, 6.1, 6.1, 6.1, 6.1, 6.1, 6.1, 6.1, -6.1000000000000005, 6.1, -7.9, 6.1, -5.9, 5.8999999999999995, 6.1]
mdp回报均值:4.106000000000002
mdp回报标准差:4.5601276297928335
